32 179 0.0006340179039048119
33 179 0.0006383604922877215
35 179 0.000647226610236162
40 179 0.0006705081429784701
32 168 0.0006852987637794658
33 168 0.000690375050918573
44 179 0.000690375050918573
35 168 0.0007007566306316341
40 168 0.0007281299365156824
44 168 0.0007516179989839302
32 154 0.0007639396055246504
33 154 0.0007702531559835318
58 179 0.0007702531559835318
35 154 0.0007831985871765323
60 179 0.0007831985871765323
62 179 0.000796586597213738
63 179 0.0008034537230517875
64 179 0.0008104402771652812
40 154 0.0008175494024035731
65 179 0.0008175494024035731
66 179 0.0008247843528673216
44 154 0.0008472784715818849
58 168 0.0008472784715818849
60 168 0.0008629688136482161
62 168 0.0008792512440944089
63 168 0.0008876250654667367
64 168 0.0008961599218654553
32 135 0.0009048605036311392
65 168 0.0009048605036311392
33 135 0.0009137316850392876
66 168 0.0009137316850392876
32 132 0.0009320063187400735
35 135 0.0009320063187400735
32 131 0.0009414205239798723
33 132 0.0009414205239798723
33 131 0.0009510268558572178
35 132 0.0009608312564330654
35 131 0.0009708399153542432
58 154 0.0009708399153542432
40 135 0.0009810592828842879
60 154 0.0009914960837660355
40 132 0.0010130503464566016
62 154 0.0010130503464566016
32 123 0.0010241827678462347
40 131 0.0010241827678462347
44 135 0.0010241827678462347
63 154 0.0010241827678462347
32 122 0.0010355625763778594
33 123 0.0010355625763778594
64 154 0.0010355625763778594
33 122 0.0010471981109439028
65 154 0.0010471981109439028
35 123 0.0010590980894773562
44 132 0.0010590980894773562
66 154 0.0010590980894773562
35 122 0.0010712716307357166
44 131 0.0010712716307357166
40 123 0.0011228991792049078
40 122 0.0011365930716342358
98 179 0.001150625084864288
99 179 0.001165007898425092
44 123 0.0011797548338481941
100 179 0.0011797548338481941
32 110 0.001194879895820607
44 122 0.001194879895820607
101 179 0.001194879895820607
32 109 0.00121039781654555
33 110 0.00121039781654555
58 135 0.00121039781654555
32 108 0.0012263241036053597
33 109 0.0012263241036053597
32 107 0.0012426750916534313
33 108 0.0012426750916534313
35 110 0.0012426750916534313
60 135 0.0012426750916534313
32 106 0.0012594679982973966
33 107 0.0012594679982973966
35 109 0.0012594679982973966
58 132 0.0012594679982973966
105 179 0.0012594679982973966
32 105 0.001276720984575443
33 106 0.001276720984575443
35 108 0.001276720984575443
58 131 0.001276720984575443
62 135 0.001276720984575443
106 179 0.001276720984575443
33 105 0.001294453220472324
35 107 0.001294453220472324
60 132 0.001294453220472324
63 135 0.001294453220472324
107 179 0.001294453220472324
35 106 0.0013126849559719344
60 131 0.0013126849559719344
64 135 0.0013126849559719344
108 179 0.0013126849559719344
35 105 0.0013314375982001049
40 110 0.0013314375982001049
62 132 0.0013314375982001049
65 135 0.0013314375982001049
98 168 0.0013314375982001049
109 179 0.0013314375982001049
32 101 0.0013507337952754688
40 109 0.0013507337952754688
62 131 0.0013507337952754688
63 132 0.0013507337952754688
66 135 0.0013507337952754688
99 168 0.0013507337952754688
110 179 0.0013507337952754688
32 100 0.0013705975275589315
33 101 0.0013705975275589315
40 108 0.0013705975275589315
63 131 0.0013705975275589315
64 132 0.0013705975275589315
100 168 0.0013705975275589315
32 99 0.0013910542070747366
33 100 0.0013910542070747366
40 107 0.0013910542070747366
64 131 0.0013910542070747366
65 132 0.0013910542070747366
101 168 0.0013910542070747366
32 98 0.0014121307859698083
33 99 0.0014121307859698083
35 101 0.0014121307859698083
40 106 0.0014121307859698083
44 110 0.0014121307859698083
65 131 0.0014121307859698083
66 132 0.0014121307859698083
33 98 0.0014338558749847285
35 100 0.0014338558749847285
40 105 0.0014338558749847285
44 109 0.0014338558749847285
58 123 0.0014338558749847285
66 131 0.0014338558749847285
35 99 0.0014562598730313648
44 108 0.0014562598730313648
58 122 0.0014562598730313648
35 98 0.0014793751091112277
44 107 0.0014793751091112277
60 123 0.0014793751091112277
105 168 0.0014793751091112277
44 106 0.0015032359979678604
60 122 0.0015032359979678604
106 168 0.0015032359979678604
40 101 0.0015278792110493009
44 105 0.0015278792110493009
62 123 0.0015278792110493009
107 168 0.0015278792110493009
40 100 0.001553343864566789
62 122 0.001553343864566789
63 123 0.001553343864566789
108 168 0.001553343864566789
40 99 0.0015796717266780907
63 122 0.0015796717266780907
64 123 0.0015796717266780907
109 168 0.0015796717266780907
40 98 0.001606907446103575
64 122 0.001606907446103575
65 123 0.001606907446103575
110 168 0.001606907446103575
44 101 0.0016350988048071463
65 122 0.0016350988048071463
66 123 0.0016350988048071463
122 179 0.0016350988048071463
44 100 0.001664296997750131
66 122 0.001664296997750131
98 154 0.001664296997750131
123 179 0.001664296997750131
44 99 0.0016945569431637698
99 154 0.0016945569431637698
44 98 0.0017259376272964321
100 154 0.0017259376272964321
101 154 0.0017585024881888178
58 110 0.0017923198437309106
58 109 0.0018274633700785753
58 108 0.001864012637480147
60 110 0.001864012637480147
58 107 0.0019020537117144356
60 109 0.0019020537117144356
105 154 0.0019020537117144356
58 106 0.0019416798307084863
60 108 0.0019416798307084863
62 110 0.0019416798307084863
106 154 0.0019416798307084863
131 179 0.0019416798307084863
58 105 0.001982992167532071
60 107 0.001982992167532071
62 109 0.001982992167532071
63 110 0.001982992167532071
107 154 0.001982992167532071
132 179 0.001982992167532071
60 106 0.0020261006929132032
62 108 0.0020261006929132032
63 109 0.0020261006929132032
64 110 0.0020261006929132032
108 154 0.0020261006929132032
122 168 0.0020261006929132032
60 105 0.0020711251527557187
62 107 0.0020711251527557187
63 108 0.0020711251527557187
64 109 0.0020711251527557187
65 110 0.0020711251527557187
109 154 0.0020711251527557187
123 168 0.0020711251527557187
62 106 0.0021181961789547123
63 107 0.0021181961789547123
64 108 0.0021181961789547123
65 109 0.0021181961789547123
66 110 0.0021181961789547123
110 154 0.0021181961789547123
135 179 0.0021181961789547123
58 101 0.002167456555209473
62 105 0.002167456555209473
63 106 0.002167456555209473
64 107 0.002167456555209473
65 108 0.002167456555209473
66 109 0.002167456555209473
58 100 0.0022190626636668415
63 105 0.0022190626636668415
64 106 0.0022190626636668415
65 107 0.0022190626636668415
66 108 0.0022190626636668415
58 99 0.0022731861432684717
60 101 0.0022731861432684717
64 105 0.0022731861432684717
65 106 0.0022731861432684717
66 107 0.0022731861432684717
58 98 0.002330015796850184
60 100 0.002330015796850184
65 105 0.002330015796850184
66 106 0.002330015796850184
60 99 0.002389759791641214
62 101 0.002389759791641214
66 105 0.002389759791641214
60 98 0.0024526482072107195
62 100 0.0024526482072107195
63 101 0.0024526482072107195
62 99 0.002518935996594793
63 100 0.002518935996594793
64 101 0.002518935996594793
98 135 0.002518935996594793
131 168 0.002518935996594793
62 98 0.002588906440944648
63 99 0.002588906440944648
64 100 0.002588906440944648
65 101 0.002588906440944648
99 135 0.002588906440944648
132 168 0.002588906440944648
63 98 0.0026628751964002098
64 99 0.0026628751964002098
65 100 0.0026628751964002098
66 101 0.0026628751964002098
100 135 0.0026628751964002098
32 66 0.002741195055117863
64 98 0.002741195055117863
65 99 0.002741195055117863
66 100 0.002741195055117863
98 132 0.002741195055117863
101 135 0.002741195055117863
32 65 0.0028242615719396165
33 66 0.0028242615719396165
65 98 0.0028242615719396165
66 99 0.0028242615719396165
98 131 0.0028242615719396165
99 132 0.0028242615719396165
135 168 0.0028242615719396165
32 64 0.0029125197460627295
33 65 0.0029125197460627295
66 98 0.0029125197460627295
99 131 0.0029125197460627295
100 132 0.0029125197460627295
122 154 0.0029125197460627295
32 63 0.0030064719959357208
33 64 0.0030064719959357208
35 66 0.0030064719959357208
100 131 0.0030064719959357208
101 132 0.0030064719959357208
123 154 0.0030064719959357208
32 62 0.003106687729133578
33 63 0.003106687729133578
35 65 0.003106687729133578
101 131 0.003106687729133578
105 135 0.003106687729133578
33 62 0.00321381489220715
35 64 0.00321381489220715
106 135 0.00321381489220715
32 60 0.003328593995500262
35 63 0.003328593995500262
107 135 0.003328593995500262
33 60 0.0034518752545928642
35 62 0.0034518752545928642
105 132 0.0034518752545928642
108 135 0.0034518752545928642
32 58 0.003584639687461821
40 66 0.003584639687461821
105 131 0.003584639687461821
106 132 0.003584639687461821
109 135 0.003584639687461821
33 58 0.003728025274960294
35 60 0.003728025274960294
40 65 0.003728025274960294
98 123 0.003728025274960294
106 131 0.003728025274960294
107 132 0.003728025274960294
110 135 0.003728025274960294
154 179 0.003728025274960294
40 64 0.0038833596614169727
98 122 0.0038833596614169727
99 123 0.0038833596614169727
107 131 0.0038833596614169727
108 132 0.0038833596614169727
35 58 0.0040522013858264065
40 63 0.0040522013858264065
99 122 0.0040522013858264065
100 123 0.0040522013858264065
108 131 0.0040522013858264065
109 132 0.0040522013858264065
131 154 0.0040522013858264065
40 62 0.004236392357909425
44 66 0.004236392357909425
100 122 0.004236392357909425
101 123 0.004236392357909425
109 131 0.004236392357909425
110 132 0.004236392357909425
132 154 0.004236392357909425
44 65 0.004438125327333683
101 122 0.004438125327333683
110 131 0.004438125327333683
40 60 0.004660031593700368
44 64 0.004660031593700368
44 63 0.004905296414421439
135 154 0.004905296414421439
40 58 0.005177812881889296
44 62 0.005177812881889296
105 123 0.005177812881889296
105 122 0.005482390110235726
106 123 0.005482390110235726
44 60 0.005825039492125459
106 122 0.005825039492125459
107 123 0.005825039492125459
107 122 0.006213375458267156
108 123 0.006213375458267156
44 58 0.006657187991000524
108 122 0.006657187991000524
109 123 0.006657187991000524
154 168 0.006657187991000524
109 122 0.007169279374923642
110 123 0.007169279374923642
122 135 0.007169279374923642
32 44 0.007766719322833945
98 110 0.007766719322833945
110 122 0.007766719322833945
123 135 0.007766719322833945
33 44 0.00847278471581885
98 109 0.00847278471581885
99 110 0.00847278471581885
168 179 0.00847278471581885
98 108 0.009320063187400736
99 109 0.009320063187400736
100 110 0.009320063187400736
122 132 0.009320063187400736
35 44 0.010355625763778593
98 107 0.010355625763778593
99 108 0.010355625763778593
100 109 0.010355625763778593
101 110 0.010355625763778593
122 131 0.010355625763778593
123 132 0.010355625763778593
32 40 0.011650078984250918
58 66 0.011650078984250918
98 106 0.011650078984250918
99 107 0.011650078984250918
100 108 0.011650078984250918
101 109 0.011650078984250918
123 131 0.011650078984250918
33 40 0.013314375982001048
58 65 0.013314375982001048
98 105 0.013314375982001048
99 106 0.013314375982001048
100 107 0.013314375982001048
101 108 0.013314375982001048
58 64 0.01553343864566789
60 66 0.01553343864566789
99 105 0.01553343864566789
100 106 0.01553343864566789
101 107 0.01553343864566789
35 40 0.01864012637480147
58 63 0.01864012637480147
60 65 0.01864012637480147
100 105 0.01864012637480147
101 106 0.01864012637480147
105 110 0.01864012637480147
40 44 0.023300157968501836
58 62 0.023300157968501836
60 64 0.023300157968501836
62 66 0.023300157968501836
101 105 0.023300157968501836
105 109 0.023300157968501836
106 110 0.023300157968501836
131 135 0.023300157968501836
32 35 0.03106687729133578
60 63 0.03106687729133578
62 65 0.03106687729133578
63 66 0.03106687729133578
98 101 0.03106687729133578
105 108 0.03106687729133578
106 109 0.03106687729133578
107 110 0.03106687729133578
132 135 0.03106687729133578
33 35 0.04660031593700367
58 60 0.04660031593700367
60 62 0.04660031593700367
62 64 0.04660031593700367
63 65 0.04660031593700367
64 66 0.04660031593700367
98 100 0.04660031593700367
99 101 0.04660031593700367
105 107 0.04660031593700367
106 108 0.04660031593700367
107 109 0.04660031593700367
108 110 0.04660031593700367
32 33 0.09320063187400734
62 63 0.09320063187400734
63 64 0.09320063187400734
64 65 0.09320063187400734
65 66 0.09320063187400734
98 99 0.09320063187400734
99 100 0.09320063187400734
100 101 0.09320063187400734
105 106 0.09320063187400734
106 107 0.09320063187400734
107 108 0.09320063187400734
108 109 0.09320063187400734
109 110 0.09320063187400734
122 123 0.09320063187400734
131 132 0.09320063187400734
